[[points_set]]
x = 1.015383243560791
y = 0.0
z = -0.92307615280151367

[[points_set]]
x = -1.0038474798202515
y = 0.0
z = -0.93076848983764648

[[points_set]]
x = 0.011537075042724609
y = 0.0
z = 1.0692315101623535

[[wires]]
points = [ 1, 0 ]
type = 0

[[wires]]
points = [ 0, 2 ]
type = 0

[[wires]]
points = [ 2, 1 ]
type = 0